#ID	RA	DEC	ENV	CO10	UC_CO10	CO21	UC_CO21	CO32	UC_CO32	13CO10	UC_13CO10	13CO21	UC_13CO21	C18O10	UC_C18O10	SNR_TCO	C18O21	UC_C18O21	C17O10	UC_C17O10
535   -26.88780036    -0.3781878      4     55.3937796    0.1929298    48.47457018   0.28317632   19.50376338   0.15525881   6.86189342   0.1169353    4.89731372   0.24065544   1.69630863    0.11877519   58.68111186271383    1.17228558    0.24859408   -0.05559274   0.14858906  
536   -13.38780043    -0.37961089     4     59.48027003   0.22099675   53.10940171   0.30523293   25.37572877   0.17851822   7.91087343   0.14254592   5.59241552   0.27662794   1.98936284    0.13789993   55.497017592646635   1.6552499     0.29151829   0.0332003     0.16858192  
506   -6.63779359     -12.07130764    4     48.92694035   0.1513106    44.9832494    0.28126703   20.87470306   0.20539204   7.05478226   0.12945863   4.29328833   0.25868063   1.50239792    0.13202935   54.49449186971931    1.12809387    0.28327802   0.44851061    0.16574395  
475   -26.8877868     -23.76087394    4     48.56820328   0.17418627   43.19963      0.26486216   19.09601469   0.14839684   5.73920097   0.10641797   4.08685459   0.21691408   1.26053537    0.10350251   53.930750323465105   0.50383396    0.20382716   -0.03132126   0.13479289  
598   0.11218582      23.00260594     4     39.28277073   0.20244884   36.69343476   0.25719721   18.04725454   0.1792115    5.73429212   0.10758817   3.4669535    0.23385777   1.20500213    0.10311267   53.29853756226173    0.93882018    0.2341886    0.29529456    0.17108114  
566   -20.1378073     11.31232442     4     53.59986108   0.17570738   49.23210062   0.29998969   22.87819154   0.17503565   7.14072441   0.13428855   5.00370283   0.23365634   1.89867809    0.12638521   53.174484421791725   1.40814269    0.24156034   -0.02610235   0.16389357  
446   -6.63777994     -35.45399356    4     43.71036982   0.1142436    35.08957704   0.22272761   16.5320622    0.20303523   5.16736279   0.09721095   2.81196468   0.19723863   1.26081974    0.09800935   53.15618034799578    0.6457126     0.20920423   0.45720926    0.1290737   
567   -6.63780732     11.31137828     4     53.52731125   0.17927843   51.40880303   0.27435843   26.72341518   0.22265244   7.56259733   0.14350548   5.36456295   0.27703073   1.80704246    0.11646648   52.69901421186146    1.75208638    0.26397512   0.32842702    0.17620789  
476   -13.38778679    -23.76229685    4     52.40939047   0.17279373   44.88759053   0.24118533   22.70109312   0.18540132   6.48246103   0.12381589   3.84286987   0.25172713   1.392019      0.11426156   52.3556470013663     0.93732182    0.23864413   0.38826426    0.156311    
597   -13.38781425    23.00307507     4     40.98657305   0.18099618   36.94732319   0.28357367   16.82352761   0.1759284    5.55367428   0.10665723   3.64624468   0.22470935   1.39287656    0.1244878    52.07030296961584    0.96395851    0.21061815   0.35466126    0.13368732  
568   6.8621927       11.31138621     4     43.97715663   0.25675268   42.24688622   0.29776814   20.82065291   0.13714592   6.44078691   0.12445768   4.35470377   0.28247133   1.53968104    0.13027938   51.750819314645746   1.82361161    0.26760209   0.31292025    0.16854863  
505   -20.13779357    -12.07036161    4     60.94906181   0.18848268   53.41453713   0.29556672   26.07935079   0.1893049    7.57215727   0.14941333   5.25359395   0.26058083   1.88313444    0.13061469   50.67926181686734    1.33856521    0.24662581   0.22644341    0.15843726  
538   13.61219954     -0.37959503     4     45.46396248   0.23323895   41.96822911   0.27944371   18.16221575   0.16878299   6.29104861   0.12612959   4.34318452   0.2578475    1.53907919    0.12324109   49.87765844636456    1.6141213     0.27569274   0.13095513    0.16076082  
599   13.6121859      23.00309093     4     34.95653729   0.2142627    32.7142125    0.256534     14.60014925   0.16767585   5.17136084   0.10546671   2.9247546    0.22675768   1.02343586    0.10990074   49.033110447837046   1.03818675    0.22734337   0.07019452    0.14086717  
477   0.11221329      -23.76276587    4     36.88021472   0.21117833   34.26757844   0.2708708    15.5972024    0.12994265   5.41731266   0.11063332   3.09753004   0.23915545   1.11804642    0.11678152   48.96637522945168    0.78581683    0.25614694   0.43204067    0.14943835  
507   6.86220643      -12.07129971    4     43.63300487   0.18814433   42.11578356   0.32395948   18.76461138   0.17421865   6.25833687   0.12846703   4.37745866   0.27606185   1.41447213    0.110279     48.71550988607738    1.07323041    0.25545112   0.39702006    0.16088716  
537   0.11219956      -0.38007997     4     46.80252019   0.22849569   46.00444452   0.29225627   20.64814637   0.18244304   6.96405116   0.14414213   4.76527037   0.27493182   1.46858966    0.13707334   48.3137800169874     1.56083413    0.2727783    0.65786161    0.17604851  
445   -20.13778011    -35.45304765    4     47.24266293   0.19742451   39.89735921   0.20333088   18.80259017   0.15983299   5.39905308   0.11509934   3.33901486   0.19222921   1.22063089    0.11187961   46.90776749892745    0.55357743    0.20096926   0.1932195     0.11918953  
504   -33.63779346    -12.06846163    4     41.57741189   0.1919502    38.02221715   0.25883457   12.6141192    0.15164168   4.94494932   0.11653197   3.52671622   0.22976745   1.12816605    0.12686386   42.43427207143242    0.46700792    0.24457461   0.074117      0.13464131  
539   27.11219947     -0.37815608     4     41.97581176   0.19439333   37.90430698   0.28548836   16.95598741   0.23332984   5.87357133   0.13953879   3.6716011    0.2472861    1.66333355    0.13212313   42.09274947847835    1.31659853    0.25054464   0.15321746    0.14967343  
629   20.3621792      34.69503424     4     31.26450114   0.17395935   26.60693314   0.21549128   11.43541566   0.16148366   4.13147289   0.09847171   2.1721348    0.20092077   0.77438083    0.10326157   41.95593729407157    0.57536192    0.2249733    0.06758055    0.1409756   
569   20.36219268     11.31234821     4     40.08010374   0.15676268   37.1669658    0.28596168   15.05708834   0.17152299   5.67187009   0.13552594   3.47499507   0.24866654   1.38816579    0.12899604   41.85080797078404    1.64281425    0.27317879   0.00552529    0.15550093  
447   6.86222025      -35.45398563    4     30.62941499   0.15015085   26.03501148   0.22048686   11.35263014   0.1273448    4.02880341   0.09768123   2.28731736   0.19466545   0.93077197    0.0992451    41.244396799671755   0.4912328     0.21823354   0.38011554    0.13499723  
415   -13.38777332    -47.14498281    2     40.96981551   0.14515798   33.32155226   0.20254351   14.01514462   0.16012526   4.0331728    0.09780299   2.44052031   0.18005261   0.868113      0.10074649   41.23772494072011    0.37157384    0.20073705   0.10015474    0.11709259  
628   6.86217905      34.69407212     4     30.61209716   0.1613777    26.77078853   0.2258008    11.76350425   0.11677654   4.02294211   0.09957266   2.22376528   0.18237147   0.97272215    0.09356404   40.40207532870971    0.61364575    0.20155372   0.18211824    0.11444211  
600   27.1121859      23.00453005     4     35.35842517   0.15235124   31.44901835   0.23597716   13.5979072    0.17451396   4.7899862    0.11873387   2.55682285   0.22334575   1.16566619    0.09988948   40.34220564022718    0.80274252    0.21538757   0.24417396    0.13397676  
508   20.36220642     -12.07033783    4     38.23980302   0.18846897   35.9235313    0.3023767    17.45076928   0.2229655    5.40885075   0.13433194   3.43621237   0.23954061   1.33843146    0.13107872   40.26481527773662    0.86687562    0.2344522    0.31788248    0.16378222  
416   0.11222702      -47.14545177    2     38.19605332   0.15840084   29.77526732   0.21178058   12.71441413   0.16280486   3.96625673   0.09919622   2.17274605   0.18217448   0.7422528     0.10444431   39.98395029568667    0.55504259    0.18401502   0.39296837    0.1302445   
478   13.61221337     -23.76228099    4     29.58836964   0.14501831   27.74230711   0.24344644   12.64513873   0.13541955   4.29401755   0.11586526   2.70973423   0.23039448   0.94916414    0.10699912   37.06044029073081    0.53328507    0.22252222   0.32616163    0.13576448  
570   33.86219256     11.31426428     4     32.95072154   0.15441618   29.32881643   0.23663356   14.2113116    0.12626599   4.46282754   0.12180237   2.64600115   0.21750682   1.24802931    0.11966374   36.63990725303621    0.81964176    0.20568677   0.17074526    0.13370512  
627   -6.63782114     34.6940642      4     28.79197644   0.14745679   24.9319823    0.2399785    10.97648715   0.11374295   3.58794125   0.09978996   2.14642386   0.17635496   0.75856819    0.10251267   35.95493223967622    0.59180987    0.17071065   0.22118462    0.11506973  
689   6.86216549      58.07675804     2     24.08894643   0.14678635   19.45172415   0.20737452   8.91469179    0.11362719   2.88662966   0.08389973   1.74166026   0.17689895   0.63623648    0.09200831   34.40570857617778    0.44376981    0.180986     0.13988487    0.10931982  
386   6.86223416      -58.83667154    2     31.37315428   0.15175534   25.52172282   0.21951213   11.02648421   0.14759948   3.31989604   0.09696143   1.71461974   0.16898178   0.69685967    0.0865722    34.23934692382321    0.31833935    0.17364813   0.11974867    0.12738576  
385   -6.63776638     -58.83667947    2     31.8224369    0.18520504   26.90290577   0.19910101   11.38585648   0.184908     3.36632065   0.09906769   1.62009307   0.19250546   0.7122952     0.096756     33.980005489176136   0.43579015    0.17907951   0.13002457    0.12901448  
658   0.11217209      46.38529184     2     29.1153934    0.12678729   23.88255568   0.21732905   10.07068653   0.09701727   3.28497779   0.09673157   1.8868644    0.17805177   0.81519221    0.09481688   33.95972783239226    0.61702074    0.19501878   0.11269022    0.11362319  
659   13.61217242     46.38577689     2     28.24261205   0.1710377    23.39219098   0.22402374   10.02224311   0.1211875    3.33857564   0.10101176   1.91222071   0.20796166   0.78891088    0.1084617    33.05135600052905    0.39364219    0.21255342   0.31017752    0.11681409  
474   -40.38778668    -23.75849713    2     24.0809186    0.11334629   22.88933748   0.21753299   6.95948764    0.1376439    3.0033891    0.09181348   1.97414114   0.19004861   0.53928488    0.09026431   32.71185342283072    0.3160219     0.19279853   0.08902779    0.11312867  
630   33.86217926     34.69695054     2     24.32707666   0.12532534   19.59846749   0.21961086   9.5259812     0.12584039   3.14716452   0.09636142   1.62013616   0.19511219   0.79813507    0.09834826   32.660005632959745   0.39683152    0.201061     0.29676851    0.12237396  
418   27.11222764     -47.14352836    2     26.68343643   0.14812883   22.10567205   0.21359219   8.26226192    0.18353792   2.87115824   0.09015906   1.83249535   0.18098308   0.31961368    0.09976456   31.845476649823105   0.39722678    0.23936188   0.17418432    0.10854458  
688   -6.63783504     58.07675011     2     25.87884341   0.16749464   21.28784345   0.22658175   9.41229183    0.13070457   3.03779718   0.09722558   1.875955     0.16438127   0.48597494    0.0924498    31.244834744107465   0.72103583    0.17043814   0.17676869    0.11214319  
414   -26.88777359    -47.14356007    2     24.42956338   0.11594536   22.13979548   0.20691974   8.16483015    0.14844844   2.85321465   0.09178459   1.9130282    0.18723192   0.50125341    0.0902511    31.085987854823998   0.1573613     0.19609546   0.10390019    0.11427938  
444   -33.63778017    -35.4511479     2     24.08071911   0.15353663   22.72580955   0.21382257   7.73830869    0.15548209   3.1476363    0.10197939   2.08455591   0.18134318   0.47171197    0.10091113   30.865416041417777   0.28121679    0.16955521   0.0146895     0.11247793  
565   -33.63780719    11.31422463     4     28.49158283   0.13585637   25.39629361   0.23575261   7.99564238    0.13318737   3.64903259   0.11994705   2.42784328   0.21390103   0.84964886    0.11258396   30.422028636802658   0.31570629    0.21863868   0.06968301    0.14243186  
534   -40.38780014    -0.3758107      4     28.22717944   0.16774532   25.86593183   0.25281478   7.18667122    0.13835752   3.71640623   0.12293748   2.33998769   0.20704078   0.75512043    0.12606013   30.230050510226825   0.37866408    0.22501931   -0.03160779   0.1340097   
387   20.36223467     -58.83570989    2     31.61479741   0.1929877    26.04552311   0.19494218   10.82851755   0.1757655    3.16892929   0.1053918    1.71898978   0.18666939   0.46585792    0.1000956    30.068082051924343   0.29753852    0.2059146    0.11254888    0.10904278  
388   33.86223509     -58.83379452    2     29.75321641   0.13675101   25.03664538   0.20816883   11.40639228   0.16608187   3.13267561   0.10468116   1.83835841   0.17802333   0.5173082     0.09683102   29.925877875254727   0.36001721    0.20674632   0.27910049    0.11540631  
596   -26.88781426    23.00449834     4     27.69194136   0.1494035    25.09805266   0.28928811   8.94499836    0.15704083   3.63900224   0.12317107   2.12815326   0.23872781   0.80046913    0.13707213   29.54429347735633    0.22514613    0.24575474   0.04633939    0.13564707  
626   -20.13782129    34.69501045     4     22.54433925   0.18834033   19.45198484   0.20149186   8.33485314    0.12357656   2.89562135   0.10064096   1.50205711   0.17503006   0.60091052    0.10275974   28.77179778491779    0.22201568    0.18945741   0.20767494    0.11862246  
509   33.8622063      -12.06842199    4     24.01894858   0.20858513   22.30590332   0.25942423   12.24505658   0.17299475   3.71048446   0.13076122   2.14709343   0.20843641   0.90055203    0.11436146   28.376031211700226   0.45091264    0.24866009   -0.14147563   0.13817546  
660   27.11217268     46.38721619     2     22.32293135   0.14497799   19.05695208   0.22390284   8.25441393    0.12287967   2.77643077   0.10124281   1.63546911   0.21030906   0.83954436    0.08830163   27.423485875194498   0.34634672    0.20693299   0.26141581    0.12032625  
540   40.61219925     -0.37576312     4     20.44761371   0.13066053   18.19090882   0.24834459   9.54886598    0.13543547   3.26193076   0.11925684   1.89234681   0.20783213   0.70872021    0.1097618    27.352148187055768   0.68961564    0.2234223    0.2515588     0.15055702  
657   -13.38782824    46.38576103     2     23.70457405   0.19521742   20.03887152   0.17187558   8.47140094    0.10906898   2.74207581   0.10135017   1.53374619   0.16570814   0.68721942    0.08413881   27.05546335048081    0.29628075    0.15976395   0.27152958    0.11557264  
601   40.61218577     23.0069233      3     19.64177086   0.12768789   16.96132594   0.25011099   8.71530217    0.14380563   2.98793678   0.11144194   1.10060501   0.20779877   0.7283829     0.1047154    26.811600551820973   0.21113669    0.20544669   0.37904965    0.11383987  
479   27.11221338     -23.76084222    4     20.55664064   0.15319874   18.92223497   0.24269304   9.35454528    0.17636066   2.92001916   0.10961832   1.98955619   0.19624797   0.53027266    0.09454707   26.638057945058815   0.22477954    0.21519765   0.23271231    0.1184812   
656   -26.8878285     46.38718447     2     21.73378967   0.18417355   18.90359962   0.19508184   7.89418654    0.09704805   2.55076389   0.09623415   1.18823691   0.17720597   0.66429617    0.08895687   26.505807865503044   0.28573054    0.15182237   0.11058878    0.10901229  
687   -20.13783554    58.07769649     2     24.53160576   0.14359553   19.54387164   0.19855882   8.59478664    0.11100869   2.77845043   0.10594322   1.43423333   0.18816545   0.53553084    0.09099339   26.225844655278554   0.45957572    0.19564898   0.2290388     0.12175172  
448   20.36222042     -35.45302386    4     18.49731773   0.19135235   16.82183293   0.22190374   6.92306318    0.17621574   2.53139583   0.09697189   1.56531199   0.19021641   0.32871478    0.094248     26.10442912889498    0.31688842    0.20852095   0.07897552    0.11783587  
417   13.61222736     -47.14496695    2     28.95347439   0.14450404   22.81216982   0.19128841   9.05656865    0.157722     3.03507629   0.11828801   1.73029862   0.1941986    0.37386365    0.09827289   25.658359541258662   0.5515969     0.18842148   0.20570484    0.11254205  
384   -20.1377669     -58.83573368    2     22.56486974   0.14734834   20.20955099   0.18988056   7.54447578    0.19031254   2.41909377   0.09566664   1.39317222   0.19144166   0.45330502    0.10124786   25.286701508488225   0.22756072    0.19202135   0.04438678    0.11329704  
655   -40.38782863    46.38956216     2     22.75635067   0.16064706   19.66432239   0.21958575   7.28878762    0.10583097   2.58408198   0.10293033   1.22564768   0.17900623   0.49769368    0.10318138   25.10515588553928    0.18686465    0.17416139   0.01871487    0.12319018  
419   40.61222777     -47.14113598    2     26.21141475   0.15166217   21.42550652   0.24099702   8.68865984    0.14944189   2.87687945   0.11665806   1.87611673   0.2008054    0.33479597    0.10691509   24.66078597569684    0.49038137    0.22087982   0.22903342    0.10690237  
420   54.11222771     -47.13778982    2     21.00420847   0.1591461    17.18943854   0.23285025   7.34800961    0.14308515   2.42145821   0.10104906   1.28972584   0.18687139   0.27940466    0.11778566   23.963193818923205   0.54031001    0.18882427   0.30968065    0.12652941  
356   0.11224076      -70.52813767    2     15.45354188   0.16037295   14.89893641   0.20851006   6.50929839    0.15611689   2.11959847   0.09125971   1.02927016   0.17681803   0.50371381    0.08217663   23.22600488211063    0.26413529    0.16615465   0.08344195    0.12443396  
623   -60.63782088    34.70357436     2     22.69010694   0.14394212   19.13561581   0.2195371    7.2443722     0.17405454   2.27646846   0.09815868   1.13102821   0.18256796   0.43945942    0.10733408   23.191718348290745   0.15224432    0.16981405   -0.02614962   0.14281026  
389   47.36223533     -58.83092543    2     18.33059622   0.12932405   15.62946732   0.24434995   7.70663604    0.14472362   2.37245763   0.10372889   1.29754593   0.20718998   0.43753096    0.10318357   22.871715199111836   0.10995805    0.1842413    0.31215637    0.11982665  
686   -33.63783594    58.07959717     2     21.68665538   0.18848873   18.39086217   0.21535056   7.1585244     0.10873781   2.38847655   0.10931403   1.25917081   0.18715434   0.46251951    0.09052194   21.849679771205945   0.18434991    0.17305371   0.08535823    0.11808369  
690   20.36216599     58.07772027     2     16.21471675   0.1504879    14.28912828   0.23524366   6.36394706    0.15143541   2.13019577   0.09761797   1.30813335   0.21068447   0.69082912    0.08989595   21.82175853482714    0.02649378    0.19031184   0.28988692    0.11349487  
571   47.36219228     11.31713442     3     12.10271539   0.11386171   11.18789353   0.2519197    4.76754942    0.18073298   2.21292378   0.10164751   0.79202171   0.20788477   0.31340341    0.09949734   21.770565555417935   0.44884629    0.20102199   0.27387404    0.11218701  
695   87.8621656      58.09684601     2     21.66870566   0.19373741   18.07501814   0.239759     6.62541103    0.14460254   2.16803361   0.10203739   1.45871065   0.19432355   0.54190947    0.11186821   21.247442824635165   -0.05247397   0.23280707   0.3779538     0.12214675  
624   -47.13782123    34.69976553     2     21.00223748   0.1368024    17.51844253   0.22022425   6.3597864     0.13435057   2.19493142   0.10410937   1.0784609    0.17246875   0.4758283     0.09835143   21.08293826002405    -0.01160804   0.1618633    0.03631974    0.11931724  
625   -33.63782135    34.6969109      2     18.08124646   0.11738663   15.86766157   0.20951289   5.82000094    0.12482396   2.08730395   0.09971279   0.97355317   0.16768824   0.44433592    0.1005806    20.933161633527654   0.05670954    0.18039041   -0.0411106    0.11537296  
725   81.11216055     69.78520384     2     21.50508022   0.14889187   18.32106755   0.24414191   7.14368505    0.12344164   2.21846982   0.10602531   1.62859905   0.21858675   0.46282493    0.1140029    20.923964476029358   0.35135666    0.2083736    0.15513033    0.13668427  
718   -13.3878424     69.76844699     2     15.73143141   0.15037397   12.53582263   0.2073323    5.30601342    0.12744489   2.00282945   0.096614     1.05558139   0.19582397   0.21011773    0.09355192   20.73021974041029    0.46149352    0.19504392   0.11233634    0.11296734  
719   0.11215836      69.76797774     2     14.37353992   0.11043085   12.39241638   0.21160844   5.09416046    0.12077127   1.9507061    0.0964258    1.26939838   0.18120893   0.24126059    0.10066126   20.230126169552133   0.31893152    0.20795609   -0.02093256   0.12130506  
358   27.11224224     -70.52621449    2     16.71089109   0.16557526   15.39429763   0.19329978   6.9579888     0.16975759   2.05473781   0.1017112    0.89459204   0.17898954   0.33025711    0.09983759   20.20168683488151    -0.02388334   0.20709009   0.12611065    0.10878184  
562   -74.13780556    11.32564969     2     21.33919418   0.10935377   17.00829274   0.18937611   5.69257398    0.10123373   2.04175485   0.10198409   1.28244867   0.17961301   0.23724283    0.09855752   20.02032719025095    0.54460556    0.17677622   0.06971235    0.10995855  
726   94.61215989     69.79141513     2     19.40273519   0.14071794   16.40584581   0.26071264   7.34311067    0.12051912   2.28040696   0.11401098   1.39498372   0.20529058   0.31550039    0.11278425   20.00164335049133    0.3351884     0.24193833   0.16362317    0.13136472  
593   -67.3878132     23.0144929      2     21.21724018   0.16745779   17.54191897   0.23851513   6.90392412    0.14208345   2.04605801   0.10265478   1.22872242   0.15552789   0.37634516    0.10552589   19.931444108106803   0.47430171    0.17738889   0.01279694    0.13071592  
754   74.3621554      81.47379992     2     21.95531007   0.14875366   18.54153101   0.29414242   7.55235264    0.14710354   2.31196005   0.11810511   1.22335249   0.22788723   0.48870333    0.11027721   19.57544470345102    0.18004037    0.2302026    -0.00890465   0.13929688  
450   47.36222037     -35.44823882    2     18.72556916   0.1820476    15.62266834   0.26934584   4.82919599    0.14543628   2.16864316   0.11092243   0.96420169   0.24416127   0.2959437     0.11604716   19.550988560203738   0.40474211    0.24624081   0.18159402    0.11608443  
357   13.61224153     -70.52765291    2     15.89638887   0.15021268   15.08555195   0.2091967    6.19027456    0.15457986   2.10270034   0.10769704   1.07125253   0.1779702    0.39523959    0.09908568   19.524216635851833   -0.1244315    0.16908436   0.106852      0.11566339  
696   101.36216448    58.10353407     2     16.85617545   0.21298973   14.29535075   0.24263399   5.65284884    0.14692267   1.94466635   0.09999229   1.21472137   0.20951081   0.46405985    0.09690623   19.448162953363706   -0.03475683   0.21055894   0.0830134     0.13482543  
449   33.86222048     -35.45110826    2     16.14211231   0.17505668   14.39596339   0.24633666   5.57799249    0.16590455   2.10276668   0.10940367   1.39220261   0.19547601   0.18354896    0.10469959   19.220257236343173   0.2168731     0.20973613   0.0893039     0.12302203  
595   -40.38781413    23.00687573     3     16.80389899   0.13441172   15.19909065   0.24265252   4.45822163    0.16110508   2.16434862   0.11376038   1.19403367   0.19902434   0.33495132    0.1168857    19.025504485832418   0.00348485    0.21838479   -0.11354436   0.13937541  
349   -94.38776093    -70.50482845    2     15.82068506   0.14841858   13.69971016   0.18415693   4.64545252    0.17002104   1.78152182   0.09367763   0.8275777    0.17097959   0.31428734    0.09612634   19.01757997079986    0.3388173     0.17981552   0.1184513     0.124617    
359   40.61224282     -70.52382241    2     12.91671395   0.16316991   11.71905592   0.21378579   5.66172415    0.11761619   1.54873986   0.08256308   0.81571447   0.17171212   0.30884265    0.09442332   18.758261683067058   0.13172426    0.18609404   -0.02629072   0.12018052  
451   60.86222002     -35.44441554    2     19.78358438   0.1830357    16.17879694   0.26412462   5.46771102    0.14985206   2.17628529   0.11772079   0.97383378   0.21639756   0.36572971    0.09524134   18.486838985705074   0.13850381    0.20153468   0.11006416    0.12027387  
574   87.86218972     11.33146927     2     18.61843183   0.1160823    14.10105011   0.26152507   3.57959144    0.2284684    1.94485263   0.10598564   0.45147829   0.23612851   0.4742245     0.09944752   18.35015224704026    -0.04354494   0.23460751   0.02534528    0.1348336   
413   -40.38777373    -47.14118355    2     12.07951634   0.15991002   11.75622176   0.20063904   2.97842098    0.16324928   1.6089644    0.08922917   1.17188632   0.16671167   0.24754174    0.08876754   18.031820759960002   0.04881218    0.16447573   0.15543661    0.10554614  
785   81.11215044     93.16789185     2     17.11381903   0.18096365   14.14709932   0.27736122   7.54101291    0.15471912   2.02512774   0.11245661   0.79092127   0.23467012   0.38415661    0.10312468   18.008080983412178   -0.14516611   0.22747439   -0.0096983    0.13769031  
355   -13.38776002    -70.52766877    2     12.04549899   0.13758541   12.85501496   0.19800248   5.1737915     0.1757419    1.74694032   0.09835623   0.64972144   0.16417959   0.32471703    0.09333036   17.76135909235236    0.25307095    0.19093915   0.17240971    0.12141938  
531   -80.88779803    -0.36295532     2     17.529808     0.12900115   14.61061922   0.17897289   4.49403494    0.11667491   1.74659836   0.09842084   0.97762312   0.16349849   0.07348085    0.10101921   17.746224884892264   0.29387672    0.1793564    -0.0638905    0.11066347  
350   -80.88776156    -70.51101933    2     16.58628924   0.154153     13.62892587   0.1970131    5.35331976    0.14136568   1.85464372   0.10542131   0.84332698   0.15520195   0.37129916    0.09964934   17.59268330093792    0.37657381    0.19263558   0.0118164     0.1230247   
543   81.11219712     -0.36286017     2     16.31164363   0.11973793   13.23315256   0.23214281   3.31323929    0.18876935   1.83052175   0.1063733    0.58275502   0.20557431   0.28823759    0.10692983   17.20847007660757    -0.04266969   0.2367574    0.03032092    0.12910802  
755   87.86215523     81.47953438     2     16.60075593   0.14916597   13.91075622   0.26088288   6.775861      0.11061024   2.16768839   0.12604191   1.07520155   0.23552591   0.41581001    0.11102141   17.19815567694904    0.44403686    0.22972542   0.14276622    0.15007325  
654   -53.88782856    46.39289409     2     18.67082683   0.15112684   15.63225513   0.18190747   5.34079221    0.11707405   1.81842038   0.10611368   1.13424444   0.16636722   0.5812156     0.09152344   17.13653112397949    0.07639186    0.16433053   0.03712048    0.11670521  
503   -47.13779318    -12.0656077     3     14.81069783   0.15999763   15.34692978   0.23872935   3.22921222    0.13673069   1.86326332   0.10881758   1.32213322   0.21006011   0.45511047    0.11598697   17.12281526569512    0.13656346    0.20175209   0.02950811    0.1388005   
784   67.61215009     93.16263428     2     22.04794015   0.14769671   18.14997469   0.25895793   7.40722589    0.16816347   2.02787617   0.12068252   1.16350813   0.22847444   0.41506227    0.11296312   16.80339596819821    -0.06749715   0.22518208   -0.06518448   0.11245237  
720   13.61215912     69.76846285     2     11.78345713   0.14181056   10.00238547   0.21501201   4.28631754    0.09355632   1.55571303   0.09269368   0.88597487   0.19345482   0.19438288    0.08193037   16.783377572235775   0.01615488    0.18651432   -0.15552911   0.11175477  
544   94.61219569     -0.35665116     2     12.02082568   0.17084297   9.76171061    0.22273468   3.02831573    0.14524795   1.55277703   0.09309106   0.44353757   0.19571279   0.28125046    0.10401337   16.680194961793323   0.1140816     0.22482131   -0.09460743   0.13610398  
665   94.61217061     46.40872637     2     18.6083281    0.17950999   15.98654647   0.25655311   5.00196128    0.15431056   2.0930684    0.12552988   0.96206808   0.195114     0.60748783    0.11457624   16.67386601500774    0.01261253    0.23950982   0.33633623    0.13157908  
634   87.8621771      34.71415764     2     15.99016683   0.1544915    13.48254392   0.2005732    3.29230077    0.12924811   1.83588569   0.11115984   0.75905512   0.21510594   0.40540441    0.097336     16.515728072296614   -0.01629195   0.22347745   0.29819118    0.11489745  
564   -47.1378069     11.31707892     3     13.29345436   0.15333678   12.19824679   0.21680431   3.15284395    0.11872658   1.75125551   0.10653522   1.13962114   0.18432833   0.28005548    0.10643656   16.438277501093065   0.04514349    0.19919263   0.1834437     0.10796616  
594   -53.8878138     23.01020725     2     17.31529997   0.15330659   14.74731779   0.21849082   5.84776088    0.15390589   1.84218705   0.11269823   0.98037119   0.18107743   0.35054225    0.10545124   16.346193280941502   0.24981868    0.20112729   0.09763061    0.1322072   
635   101.36217563    34.72084488     2     14.5280216    0.16150908   12.60165345   0.19663956   4.02102927    0.13336842   1.72772924   0.10669307   0.27842962   0.21808393   0.40423446    0.09537274   16.193453239277865   -0.0025577    0.22299807   0.36301755    0.14416525  
717   -26.8878431     69.76987061     2     15.36080516   0.11236971   12.22257544   0.24157999   4.84253033    0.13482177   1.56653853   0.09682383   0.7990498    0.20790783   0.29829491    0.10104583   16.179266302520777   0.28373779    0.18965578   0.03894671    0.11694132  
661   40.61217281     46.38960973     2     12.31859148   0.13891857   11.01929679   0.24968167   4.28339618    0.10327357   1.55794144   0.09656129   0.80897357   0.18973169   0.40240397    0.10720452   16.134223558943756   0.03339547    0.21427657   0.1702888     0.12528183  
289   -80.88775149    -93.89370733    2     15.22394637   0.13100696   12.8901661    0.18196558   5.63664563    0.10776901   1.46613676   0.09112468   0.89075054   0.177975     0.29976576    0.09362303   16.089348791128813   0.26534541    0.17449034   -0.04161888   0.11512134  
873   47.36213267     128.23056751    2     12.42812341   0.15232451   11.59613044   0.25225654   5.08479052    0.15491858   1.44790378   0.0904544    1.37526763   0.21209702   0.27337889    0.08465815   16.007002202214597   0.37755419    0.21583123   -0.08080211   0.10963827  
561   -87.63780437    11.33136619     2     16.84992883   0.12692476   13.28661395   0.18936596   3.50135779    0.11070662   1.69229683   0.10593927   0.72714745   0.1763814    0.22433214    0.10827775   15.974216454389389   0.17581535    0.18312497   0.11327439    0.11447731  
512   74.36220467     -12.05695076    2     15.06170189   0.19000604   12.38962086   0.25112144   3.9422582     0.18293876   1.56442274   0.09798585   0.66394137   0.22846094   0.28769921    0.10862328   15.965802613336518   -0.02182244   0.21444371   0.13863496    0.12230819  
563   -60.63780638    11.32088727     2     13.22265884   0.15749359   11.3466452    0.20278283   4.25992366    0.10012392   1.56464044   0.09842741   1.00008694   0.18953352   0.39121225    0.10140266   15.89638943054582    0.3253148     0.19960595   0.23881561    0.11608204  
631   47.36217914     34.69982104     3     9.98599662    0.13431928   9.2840187     0.22320113   3.4590892     0.09177406   1.5361721    0.09712629   0.50645923   0.18405491   0.28231131    0.09723098   15.816233689148426   -0.15321396   0.18347657   0.28684822    0.12502348  
258   -87.63774707    -105.58207564   2     11.3861312    0.22486507   10.22630774   0.20412161   4.10819092    0.12457902   1.36578453   0.08672837   0.73077075   0.18877392   0.2094562     0.10318267   15.747840412543209   0.2645155     0.19448115   0.01966711    0.11574757  
691   33.86216638     58.07963681     2     10.80103427   0.12331395   10.26386298   0.23830652   3.97361058    0.12327655   1.4806382    0.09509676   0.96538438   0.19192962   0.57735093    0.10457864   15.569807004991548   0.03373023    0.19749076   0.24852541    0.13211974  
605   94.61218254     23.0260376      2     16.51058801   0.17914371   13.38015222   0.22194827   3.5162357     0.17585933   1.83786884   0.11886112   0.45405132   0.22792555   0.37473567    0.10696165   15.462321405014524   0.15211723    0.24018292   0.14365463    0.1412085   
480   40.61221325     -23.75844955    2     13.69410756   0.16406005   12.30598234   0.24171311   4.57973299    0.12941988   1.70792768   0.11202748   0.96623894   0.22967287   0.20000376    0.10443185   15.245613665504214   0.27514292    0.20471544   0.08541437    0.11724808  
421   67.61222737     -47.13348989    2     10.68109901   0.13956419   9.60860471    0.23359386   4.22953753    0.11065393   1.3687644    0.0901633    0.78806073   0.1829716    0.34536298    0.108147     15.180948345945636   0.27428066    0.17881372   0.33920351    0.11383377  
602   54.11218544     23.01027068     3     7.89366841    0.14594228   8.03004054    0.20978397   2.5935678     0.14932625   1.43302248   0.09497761   0.40453817   0.18232161   0.19473033    0.09390227   15.088003162008393   0.18120934    0.20011724   0.25489311    0.12310892  
685   -47.13783617    58.08245215     2     14.75535092   0.19852056   13.04983816   0.20707106   4.62466697    0.11099803   1.46819556   0.09758502   1.08349944   0.18912761   0.42716321    0.09423648   15.045296501450736   -0.02316777   0.18192074   0.0852699     0.1261471   
541   54.11219883     -0.37241615     3     11.18413145   0.14279162   9.75529249    0.24723311   2.60236838    0.21206164   1.63106211   0.10857191   0.76623539   0.2342069    0.25728744    0.12662478   15.022873872256646   0.18793546    0.22047217   0.18763493    0.11975404  
815   74.36214547     104.85648759    2     15.4338807    0.14202437   13.26817626   0.28047704   6.19495759    0.15509193   1.64890468   0.11028259   0.82370529   0.21701717   0.32861391    0.10290727   14.951631803351734   0.09031603    0.21944993   0.34102716    0.12857177  
319   -87.63775628    -82.19938728    2     18.31292383   0.18417829   15.69724592   0.18963342   6.57479227    0.13898543   1.82182924   0.12229486   1.18786228   0.18155687   0.36585122    0.10464554   14.897022164300282   0.44693896    0.18804457   -0.12665533   0.11203679  
452   74.36221938     -35.43963842    2     15.15114617   0.15868484   12.90471102   0.21390284   5.53641082    0.17127039   1.67423352   0.11349407   1.00266554   0.20437834   0.26813219    0.10794778   14.751726852336867   -0.04799542   0.20946619   0.0715271     0.11396525  
872   33.86213037     128.22769562    2     16.02179618   0.14654152   13.77674898   0.25040552   5.58346854    0.15218063   1.47342199   0.10029632   1.16695479   0.21209171   0.40143182    0.09751091   14.690688451979097   0.17208644    0.21164714   -0.10051744   0.11520583  
261   -47.13774436    -105.59635417   2     12.80256738   0.10419506   9.53664904    0.17286041   3.25907637    0.12715308   1.29615083   0.0894615    0.343346     0.15149123   0.25883621    0.08415723   14.488364603768101   -0.04188003   0.17139434   -0.06228469   0.09656169  
843   40.61213705     116.53766902    2     13.66603716   0.16956162   11.66471915   0.22598918   4.64329761    0.16132154   1.3247204    0.09198044   1.026151     0.19779313   0.48090013    0.09072619   14.402196814888034   0.31905521    0.22059514   0.13553666    0.10470255  
510   47.36220602     -12.0655522     2     11.77206618   0.15105061   10.98490835   0.24867724   3.03585635    0.16711134   1.56433051   0.10899854   0.97509591   0.21023893   0.35865199    0.10644401   14.351848290811969   0.09610899    0.22617369   0.07934958    0.12046914  
482   67.61221233     -23.75080253    2     17.91647609   0.15822085   14.84450175   0.2479116    5.28819912    0.16830343   1.78022835   0.12431263   0.89549363   0.21411547   0.253362      0.11162883   14.320575069484091   -0.11876413   0.20335867   0.01354701    0.1176679   
320   -74.13775642    -82.20510097    2     15.60618229   0.12691328   12.46459439   0.20070059   5.47032532    0.12559727   1.44940176   0.10132724   0.79058856   0.19121534   0.29903628    0.10054759   14.304166974250952   0.26385774    0.18402659   -0.01596431   0.10540398  
288   -94.38775147    -93.88751721    2     12.58262313   0.14524039   11.61914836   0.20527228   4.01555695    0.1529393    1.32857598   0.09324892   0.72338255   0.18843475   0.07415268    0.0968178    14.247628605242829   0.34012619    0.16381159   -0.18341964   0.118199    
483   81.11221139     -23.74554818    2     10.80827577   0.19153775   9.62126132    0.23178587   4.11441771    0.24302267   1.50511946   0.10601663   0.72854932   0.20091322   0.20158752    0.10261246   14.197012864868464   -0.04182177   0.19210192   0.04763449    0.11654856  
260   -60.63774559    -105.59254815   2     14.97288971   0.12251884   11.31941833   0.18438879   3.76170307    0.13306984   1.37280568   0.09696197   0.45566757   0.16282874   0.35481504    0.09723197   14.158186761263204   -0.00284495   0.16528277   -0.02879318   0.11273974  
481   54.11221292     -23.75510299    2     16.25334154   0.16053521   13.6329032    0.26473654   3.10978561    0.18496281   1.74753659   0.12364646   0.57892819   0.23785683   0.02268657    0.09796599   14.133332972088324   0.04740134    0.23361731   0.22260996    0.13994689  
542   67.61219814     -0.36811517     2     14.28310349   0.15672553   11.37316494   0.23356977   2.5031911     0.13849182   1.58502663   0.11217912   0.35911909   0.21198021   0.00323205    0.11498278   14.129426492202828   -0.11861694   0.23389158   0.05361401    0.14281671  
653   -67.38782822    46.39718027     2     12.1347003    0.12746816   10.88454012   0.19594824   3.68654992    0.10469807   1.34414236   0.09581003   0.76137979   0.15662998   0.33146663    0.09925316   14.029244746087647   0.2510102     0.15135269   0.09614204    0.10192104  
622   -74.13782023    34.70833736     2     14.97433097   0.11857604   12.34044588   0.22558192   4.21100273    0.11754543   1.46730783   0.10493763   0.70337095   0.17314738   0.11412838    0.09823576   13.982665989311936   0.51628474    0.1780779    0.09175095    0.11858272  
443   -47.13778006    -35.44829432    2     10.54152498   0.1576799    11.00572551   0.21398885   2.53016151    0.15911418   1.38521752   0.09969708   0.74773652   0.17492821   0.11315283    0.09547781   13.89426370361098    0.22957307    0.18493769   0.26228426    0.10510841  
383   -33.63776731    -58.83383417    2     9.86948509    0.14499906   9.63278371    0.18943508   2.51482977    0.16354374   1.28752076   0.0928864    0.96918509   0.16746505   0.23792223    0.09851271   13.861240827505428   -0.06019583   0.17676762   -0.05074078   0.11310636  
666   108.11216905    46.41589114     2     13.5306927    0.13283776   12.6181092    0.25211443   4.34918961    0.11531912   1.49147165   0.10790282   0.80269569   0.22258869   0.43898908    0.09937493   13.822360249713586   -0.16111594   0.2413518    0.14968735    0.12850883  
513   87.86220348     -12.0512191     2     8.68091008    0.18028984   7.51015997    0.22423235   2.31969364    0.20403027   1.33766301   0.09799292   0.40541322   0.1989965    0.15250487    0.09837048   13.650608737855755   0.27355659    0.19198107   0.18018041    0.13438363  
290   -67.38775111    -93.8989439     2     14.64611408   0.15269751   11.13525601   0.19130667   4.31358166    0.1374162    1.34549586   0.09961072   0.40965531   0.16272124   0.18422047    0.09802142   13.5075407546497     0.13455117    0.18008822   0.08045665    0.11922406  
903   40.61212617     139.92035545    2     13.21357642   0.16556504   11.72750356   0.292292     5.04122059    0.161439     1.54027684   0.11427145   1.33186965   0.23743584   0.30166873    0.09858316   13.479104710756712   0.19046097    0.22329499   0.07098145    0.11451276  
390   60.86223533     -58.82710262    2     9.43814495    0.12257384   8.41923123    0.25026939   3.97294172    0.15018688   1.3097551    0.09842968   0.42331984   0.18974311   0.22501661    0.09691937   13.306505720632233   0.04813275    0.162035     0.33257512    0.10028311  
573   74.36219092     11.32573691     2     14.82695475   0.17826004   10.98108616   0.23688433   1.62734913    0.2031958    1.47634839   0.11103115   0.28151688   0.22850615   0.11528288    0.10663172   13.296704483381466   -0.28576672   0.24085334   0.05586571    0.12740223  
532   -67.38779905    -0.36819446     2     13.088908     0.13692824   11.17043987   0.20609001   3.38416559    0.12943007   1.4365448    0.10823445   0.86529927   0.20566247   0.2491974     0.09698162   13.272528293902727   0.42501748    0.18491399   0.02726028    0.12534001  
724   67.61216081     69.77994692     2     13.90850886   0.14982062   12.84946261   0.24396015   4.10055822    0.10949368   1.48909204   0.11219713   0.83003863   0.20064759   0.28256278    0.09938575   13.272104553833062   0.19409961    0.19398458   0.09530342    0.1331225   
727   108.11215876    69.79858078     2     9.68021689    0.15796554   8.87001955    0.25949208   3.61049454    0.14050135   1.36670006   0.10314072   1.01434326   0.18976723   0.1886264     0.09019837   13.250829158454586   0.13430784    0.20100889   0.06088403    0.12727391  
533   -53.88779973    -0.37247958     3     9.55978958    0.18206395   9.77076863    0.23608835   2.23286708    0.13979743   1.44837814   0.10945014   0.68722512   0.19750861   0.36943996    0.11400654   13.233223274086264   0.25612834    0.20337806   0.06900594    0.1339708   
753   60.8621552      81.46901989     2     15.61152133   0.13144601   13.37358303   0.27506982   4.06691561    0.12851302   1.53446743   0.11599573   0.65978387   0.23472793   0.21547479    0.1107418    13.228654451331959   0.18187356    0.24773094   0.11902248    0.13303334  
500   -87.63779065    -12.05132218    2     12.53552082   0.19504976   10.96855806   0.21934954   2.80014595    0.18087015   1.20749107   0.09160599   0.43643024   0.17532522   -0.02050294   0.09732848   13.181354952880266   0.31753214    0.1842648    0.0265197     0.11823893  
844   54.11213878     116.54101803    2     12.190982     0.19801634   11.42305026   0.27479173   4.48224634    0.14055733   1.24490806   0.09451479   1.19490816   0.20786124   0.29816085    0.08555568   13.171568809495318   0.19822124    0.23157608   0.13877939    0.1204323   
592   -80.88781226    23.01973269     2     14.95070006   0.1330064    11.81664132   0.18740885   3.02342315    0.14020973   1.323812     0.10051731   0.52504061   0.19242299   0.14168732    0.09766339   13.16999032305978    0.35892921    0.18646548   0.20573807    0.14324881  
232   -40.38773803    -117.28924283   2     14.98179466   0.17139656   11.40903651   0.20176537   4.29709256    0.15552403   1.36249535   0.1037554    0.82002163   0.16692416   0.05712426    0.09824759   13.13180181465254    -0.29620161   0.1863419    -0.06836397   0.12627285  
379   -87.63776661    -58.81669891    2     11.62030639   0.18640903   9.19622221    0.18148243   2.99479183    0.13026357   1.26738537   0.09820974   0.46740901   0.16267504   0.38216785    0.1009884    12.904884688626606   0.13541166    0.17567345   -0.13129153   0.11226024  
572   60.86219175     11.32095863     3     9.57838078    0.18119505   7.72173778    0.25262643   1.22064375    0.16394404   1.22132877   0.09486213   0.11622134   0.20547771   0.03422757    0.09500883   12.87477700532341    -0.1209877    0.21265982   -0.10614271   0.13516377  
664   81.1121717      46.40251584     2     15.32667787   0.14046625   13.01551986   0.23943274   3.30319032    0.1688527    1.49673536   0.11681161   0.95324797   0.21317455   0.46683001    0.10411134   12.813241423519461   -0.1983262    0.22142816   0.24552008    0.10445367  
842   27.11213511     116.5352746     2     12.84786273   0.1477135    11.10159451   0.25244588   3.87826008    0.12385813   1.22060461   0.09552567   0.85105118   0.20829205   0.2150181     0.0932509    12.77776549486646    -0.03890738   0.21941059   -0.12553573   0.11696388  
722   40.61216037     69.77229616     3     8.07860059    0.10455063   6.76064774    0.21795515   2.45508798    0.13705175   1.00112222   0.07894781   0.65353324   0.16018155   0.19399456    0.08904673   12.680810525333131   -0.21738171   0.18068711   0.0716863     0.1084028   
353   -40.38776131    -70.52386998    3     6.73982808    0.09982039   6.62830926    0.17612792   1.84592158    0.132517     0.97208684   0.07678571   0.68200626   0.15503756   0.21501085    0.08148199   12.659736297287608   -0.03714999   0.14484522   -0.08748596   0.09182457  
697   114.86216285    58.11117643     2     10.77191206   0.14977458   10.19250482   0.26870481   3.368085      0.12408574   1.33747123   0.10727809   1.10418262   0.22815339   0.35674715    0.09493252   12.467328883278961   -0.26250294   0.21430471   0.01337137    0.13047134  
871   20.3621279      128.22577838    2     14.64423018   0.16886855   12.81370009   0.28866099   4.03320353    0.19047059   1.32091054   0.10636947   0.92229583   0.22828848   0.17978895    0.10634742   12.418135955739933   -0.15352327   0.25051887   -0.14984843   0.13592936  
716   -40.38784366    69.77224859     2     12.318188     0.16152616   10.63119231   0.24103195   3.63394424    0.12890993   1.26865466   0.10271239   0.82024639   0.19088659   0.17767138    0.09581531   12.351525069176171   0.08263684    0.1823027    0.03723699    0.13195008  
575   101.36218809    11.33815569     2     11.59567516   0.14768643   9.01809498    0.24884172   3.14633807    0.16154576   1.43796284   0.11697439   0.31559579   0.21884149   0.26962625    0.10884905   12.292971478628784   0.22391084    0.22731702   -0.04835511   0.13027753  
721   27.11215981     69.76990232     3     10.27971074   0.1470487    8.76192844    0.20497911   3.39694421    0.1192011    1.23532081   0.10069695   0.741474     0.18951817   0.29269168    0.10908913   12.26770830695468    -0.19835172   0.18794059   -0.05424121   0.10513377  
604   81.11218389     23.01982783     2     15.11467797   0.18364468   12.05329247   0.25664931   1.78633507    0.24399394   1.52327917   0.12473007   0.49008764   0.2041153    0.39901739    0.12318622   12.212605749359396   -0.04883152   0.2541136    -0.00216436   0.14084291  
694   74.36216629     58.09111225     2     12.81885567   0.18043334   11.89794278   0.22325723   3.22846633    0.12416675   1.17662759   0.09647159   0.82323522   0.22098966   0.46372382    0.10357978   12.196622757021006   -0.12892652   0.19221832   0.06832511    0.12780231  
202   -33.63773134    -128.98189297   2     14.54389727   0.18583078   10.80257786   0.21287238   4.20296592    0.13927727   1.17567417   0.09659404   0.86288003   0.17895028   0.0486441     0.0890038    12.171291003047392   -0.04980712   0.19399449   -0.1454211    0.13064475  
409   -94.38777161    -47.12213969    2     7.61503434    0.12994189   6.73784768    0.16395335   1.5187709     0.1487621    0.97952787   0.0813132    0.48409866   0.14950435   0.14296474    0.09232487   12.046357417983796   0.06234727    0.14559805   -0.07900648   0.11123413  
841   13.61213303     116.53383477    2     11.56634236   0.13803315   10.50522058   0.22879352   3.14928426    0.1467106    1.18087551   0.09806457   0.8130589    0.21799477   0.17124725    0.094081     12.041816019791856   -0.20165675   0.21616564   -0.05990097   0.10465408  
511   60.8622055      -12.06172845    2     13.69042295   0.1183134    11.37048123   0.25161043   2.50755853    0.16834503   1.3723411    0.11453879   0.51722322   0.21521928   0.07036435    0.10768257   11.9814527462705     -0.23265476   0.22802711   0.11058566    0.12006831  
378   -101.13776551   -58.8100308     2     7.73853973    0.11970123   7.62457873    0.1618167    1.80702582    0.1679382    1.02541843   0.0857724    0.49704325   0.13293555   0.17459131    0.08217901   11.9551094524579     0.19215615    0.15191239   0.17889475    0.10809537  
354   -26.88776073    -70.52624621    2     7.83500704    0.12194466   9.00863319    0.19668447   2.96853432    0.16219552   1.14886531   0.09627798   0.74793106   0.16919109   0.30591921    0.09439428   11.9327940823021     -0.10532211   0.17175877   -0.08503749   0.11530003  
201   -47.13773367    -128.97904078   2     12.78998087   0.12029055   10.55096481   0.18379574   3.7862288     0.12114086   1.11950633   0.09595944   0.57082668   0.1447358    0.13329561    0.08495526   11.6664533473726     -0.22563837   0.17560003   -0.10428167   0.09823902  
814   60.86214457     104.85170697    2     15.92467684   0.17853157   13.60712614   0.22519689   4.9366111     0.15231663   1.30520337   0.11235808   1.1971207    0.21354472   0.13631625    0.10397633   11.61646202925504    0.09875226    0.20927068   0.23771904    0.11935013  
632   60.86217879     34.70364571     3     6.297184      0.15470016   6.55637578    0.21469382   1.6978823     0.10859815   1.03741168   0.08963378   0.29271622   0.18573009   0.07645138    0.08377662   11.573891896559534   -0.01591064   0.19627168   0.06212943    0.09475911  
756   101.36215463    81.48622326     2     9.11727504    0.14976749   8.19079892    0.27162782   3.75630106    0.09969974   1.31992306   0.11442005   0.5050707    0.22213362   0.29097977    0.11423051   11.535767201639922   0.28185793    0.23744974   0.03473555    0.14646003  
259   -74.13774652    -105.58778864   2     12.55793929   0.15143849   10.91060383   0.20509668   4.21645394    0.11883035   1.27682157   0.11094643   0.68975936   0.18935448   0.14921021    0.09960857   11.508451150703994   0.11793273    0.19086218   0.08328882    0.13088734  
348   -107.88775982   -70.49768391    2     9.05915836    0.09737358   8.20426137    0.18886709   1.76607307    0.17401642   1.08842549   0.09463404   0.34813151   0.16667944   0.14884748    0.10545472   11.501416297983264   0.26430408    0.17591648   0.16161473    0.12494078  
231   -53.88773979    -117.28591376   2     14.829106     0.11377881   11.94512185   0.18555672   4.05350834    0.15588861   1.24318391   0.10914172   0.53100389   0.15765505   0.25758684    0.10104438   11.390547171145919   -0.03253937   0.18122933   -0.06813054   0.12150012  
530   -94.3877966     -0.35676217     2     12.18943923   0.14266543   10.39323901   0.19366494   3.08432484    0.11488327   1.17666907   0.10427277   0.76900476   0.16644114   0.25103373    0.10225557   11.284528741300342   0.14370899    0.16668904   -0.0226527    0.10694838  
684   -60.63783617    58.08626144     2     8.66912307    0.17022211   7.90406569    0.18245152   2.52467665    0.11025205   1.0216231    0.09096798   0.5942516    0.15543986   0.29723779    0.08638596   11.230579155434691   0.17394167    0.16459043   0.02772967    0.11721409  
351   -67.38776179    -70.51625654    3     10.45100837   0.15280266   8.0875598     0.21225472   2.87252717    0.14842593   1.12464204   0.10014843   0.52748205   0.17796659   0.24260083    0.0869864    11.229752078989156   0.25589409    0.17611749   0.21546648    0.11516712  
636   114.86217366    34.72848631     2     8.85199074    0.13289595   8.40762046    0.19871963   2.87294204    0.12861923   1.09754729   0.09882043   0.33880468   0.1711351    0.28785948    0.10178856   11.106481625307643   -0.32257336   0.20629552   0.21085137    0.12310521  
807   -33.63786643    104.8449697     2     11.89901383   0.17443371   10.48198094   0.24925433   3.10863286    0.15657569   1.20869253   0.10908263   0.7003864    0.19105025   0.21463824    0.10003903   11.080522444315836   -0.13468635   0.20453115   0.29701513    0.12015575  
233   -26.88773605    -117.29161848   2     11.72951774   0.11727982   8.5930539     0.20624389   3.68163607    0.1214287    1.01101463   0.09148569   0.78543218   0.15616561   0.01627564    0.08748906   11.05106853323181    0.0353196     0.16778264   0.05921076    0.12161769  
501   -74.13779184    -12.05703797    2     11.33087304   0.15180367   10.17290995   0.20540154   2.1059425     0.18739237   1.0690163    0.09708705   0.34567975   0.18569616   0.14701525    0.10433731   11.010905161913973   0.39273663    0.18345958   -0.08699404   0.12173025  
484   94.61221005     -23.73933993    2     5.37149525    0.14790579   4.70026405    0.19077678   1.66747922    0.20363715   0.9942962    0.09096008   0.40931614   0.18032341   0.08676251    0.08343205   10.931127149404443   0.08628124    0.18887882   0.22818837    0.11501357  
874   60.86213473     128.23439406    2     9.77266842    0.17757766   10.31432408   0.28532915   4.35663432    0.15700813   1.24817633   0.11450527   1.00597879   0.24662145   0.01537646    0.10359166   10.900601605498156   0.11708438    0.23264492   -0.00139946   0.12543859  
806   -47.13786787    104.84782539    2     11.43970038   0.12774826   10.20484072   0.22556299   2.93808682    0.14965922   1.06829065   0.09814651   0.74284648   0.18639582   0.25878225    0.08880672   10.884652444595329   -0.2695781    0.18515699   0.23863157    0.1322803   
786   94.61215039     93.1741039      2     7.72284729    0.14859517   7.22730849    0.25591491   3.71293523    0.08549102   1.16447424   0.10709133   0.46989619   0.21777315   0.26754685    0.11357723   10.873655598450409   -0.13316585   0.20076486   0.06303012    0.13446888  
514   101.36220184    -12.0445335     3     4.76133953    0.12720357   4.02444326    0.21343424   1.08618455    0.13879401   0.88312153   0.08157819   0.37768953   0.1845553    5.622E-4      0.08902814   10.82546119250746    0.4267533     0.20251083   0.05654858    0.10107285  
318   -101.1377557    -82.19271998    2     10.31678091   0.16834425   10.09839604   0.2005483    2.80729002    0.16553132   1.07700619   0.09949573   0.65600395   0.16619062   0.03723793    0.10249889   10.82464734918775    0.48649271    0.16073721   -0.1706986    0.09778521  
870   6.86212533      128.22481579    2     10.78318748   0.16302292   10.14108875   0.28149919   2.98473507    0.18050628   1.1449156    0.10602543   0.79852884   0.22889524   0.20361832    0.09733461   10.798499944777399   -0.08511607   0.22205919   0.02745121    0.12261746  
352   -53.88776169    -70.52054009    3     6.95383759    0.14429005   5.900872      0.18593568   2.00015139    0.11686363   0.86916455   0.08049082   0.44797661   0.13823831   0.23176331    0.08412739   10.798306564649236   0.03602026    0.15667032   0.25731991    0.09658411  
869   -6.63787728     128.22480786    2     9.2092685     0.1533127    8.71137064    0.25373069   2.72445544    0.14172972   1.07582248   0.09974824   0.6907851    0.21192112   0.0517855     0.09035944   10.785378067823553   -0.1518375    0.21386906   -0.04292451   0.11183611  
748   -6.63784903     81.45943603     3     7.0455165     0.14457667   6.4350568     0.19505162   2.1019032     0.13948892   1.03674117   0.09665335   0.70126841   0.18984518   0.1462304     0.0949747    10.7263863073551     -0.06735379   0.20040064   -0.10637295   0.10786179  
203   -20.13772883    -128.98379178   2     11.19871969   0.14711744   8.54554345    0.21213042   3.50544802    0.13512886   1.01313092   0.09449033   0.84392093   0.18190137   0.03430858    0.09114179   10.722059283738348   0.14672439    0.1688487    -0.05772589   0.12176223  
902   27.11212328     139.91796073    2     13.9371523    0.12943226   12.98956494   0.28371687   4.25907752    0.16312032   1.40958744   0.1314945    0.90684648   0.22941881   0.22341991    0.11266738   10.719744476004701   -0.08599021   0.23456493   -0.10887484   0.12929913  
321   -60.63775619    -82.20986106    3     10.30422059   0.12914575   7.8530026     0.20019361   2.8428056     0.1398683    1.02850198   0.09603108   0.40704746   0.16152332   0.26520919    0.08951083   10.710094898443295   0.03802706    0.15572294   0.3700565     0.10176321  
752   47.36215469     81.46519427     3     8.53195781    0.1239544    7.59816216    0.219362     2.09940204    0.09978541   0.96492441   0.09159891   0.74399691   0.18471698   0.13306006    0.09408878   10.534234632268003   -0.11290683   0.18724894   -0.00992784   0.11626367  
360   54.11224319     -70.52047666    2     6.96864751    0.16603651   7.34677186    0.24565201   3.43285959    0.15666173   1.08057127   0.10317583   0.37360881   0.20474849   0.04373427    0.10307443   10.473104699036588   -0.19696904   0.19244581   -0.02133239   0.11275138  
845   67.61214025     116.54532165    2     10.03537123   0.18281967   10.54038913   0.28607014   4.41161086    0.19641393   1.29917004   0.1240581    0.76461631   0.24741065   0.15375255    0.09667632   10.472270976260315   0.21276455    0.2175819    0.22613261    0.11200327  
747   -20.13785005    81.46038252     3     7.77962589    0.12539277   6.97650636    0.22439888   2.29584073    0.14002169   1.04532778   0.09990341   0.43287968   0.21161178   0.19338329    0.10689687   10.463384382975518   -0.1201704    0.19996325   0.11814888    0.1196385   
932   33.86211923     151.61038188    2     10.03226537   0.13631905   9.47166283    0.27211432   3.24841588    0.13324069   1.21498334   0.11668036   0.68833146   0.22162984   0.12862407    0.11124797   10.412920734903459   -0.03030661   0.2217353    0.14768451    0.1320427   
813   47.36214338     104.84788089    2     11.4403464    0.10675758   10.10648985   0.24047297   3.08745233    0.11638431   1.08533331   0.10471897   1.02112431   0.18570262   0.30668868    0.09715124   10.364247375618763   0.06645484    0.21224572   0.02828705    0.10899321  
904   54.11212886     139.92370487    2     9.73364405    0.18464741   9.42789055    0.29281803   4.19423355    0.17456692   1.15249472   0.11178618   1.19459818   0.22503685   -0.06740953   0.09946402   10.309813968059379   0.223691      0.22946353   0.03984615    0.12331695  
812   33.86214194     104.84500935    2     8.23704545    0.11917839   7.14941838    0.2241832    2.54007149    0.13667487   1.04735539   0.10177496   0.44357693   0.17839137   0.21386591    0.0991361    10.290894636558935   -0.16059151   0.18908096   0.00262424    0.09662432  
292   -40.38774941    -93.90655641    3     6.83233027    0.1529422    5.81405061    0.19687348   1.63501749    0.1177293    0.89780415   0.08761878   0.35262256   0.16156712   0.21681214    0.10025193   10.246709095926697   -0.31871712   0.16647498   0.00613957    0.10365361  
291   -53.88775039    -93.90322693    2     11.71975697   0.13997106   8.70607963    0.18649005   2.97830831    0.1325026    1.06658639   0.10424971   0.06035083   0.17616151   0.26751216    0.09358082   10.231072968932      0.11562218    0.1843877    0.09198717    0.1167264   
212   101.36229013    -128.95797941   2     5.8345243     0.14331277   4.8002399     0.21208784   1.73289126    0.10207188   0.96736235   0.09510451   0.7168175    0.19573722   0.15076429    0.09730554   10.171571779298374   0.0491814     0.16000042   0.01872217    0.11929745  
380   -74.13776727    -58.82241331    3     9.55828313    0.13542023   7.85574074    0.17275482   2.40077524    0.13815051   0.92992553   0.09171745   0.50402764   0.16288423   0.28273146    0.08995841   10.139025125534998   0.29854579    0.15609341   -0.1954452    0.11681211  
408   -107.88777006   -47.11499428    2     7.14620531    0.10979412   6.56067879    0.1664721    1.31411811    0.15531368   0.90860542   0.08991359   0.48535215   0.1453438    0.0365454     0.08400869   10.10531800587653    0.0577879     0.16805941   0.02321053    0.10637068  
603   67.61218483     23.01457219     3     8.30190075    0.18168614   7.35624683    0.2175795    1.30973181    0.17901378   0.98691643   0.09797782   0.21719478   0.20136009   0.17168975    0.10433368   10.072855570781224   -0.26861862   0.21891098   -0.03523483   0.11478094  
749   6.86215202      81.45944396     3     6.8444861     0.13449382   6.35279583    0.19698909   1.80177104    0.11021506   0.89612363   0.08951734   0.63635912   0.16607273   0.20725727    0.08513793   10.010615038382507   -0.10586788   0.20029535   -0.22188929   0.11964369  
